`X	Percentil5	Percentil10	Percentil25	Percentil50	Percentil75	Percentil90	Percentil95
0.000000000	54.66	9.70	11.94	14.23	12.35	8.81	4.47
0.002739726	54.66	9.70	11.94	14.23	12.35	8.81	4.47
0.005479452	54.66	9.70	11.86	14.28	12.29	8.89	4.47
0.008219178	54.66	9.76	11.80	14.28	12.22	8.96	4.47
0.010958904	54.66	9.87	11.69	14.23	12.27	8.96	4.47
0.013698630	54.66	9.87	11.69	14.23	12.27	8.96	4.41
0.016438356	54.53	9.91	11.76	14.18	12.37	8.94	4.41
0.019178082	54.53	9.91	11.76	14.13	12.42	8.81	4.54
0.021917808	54.53	9.85	11.99	13.90	12.48	8.78	4.56
0.024657534	54.63	9.84	11.95	13.77	12.40	8.94	4.56
0.027397260	54.63	9.84	11.95	13.77	12.52	8.81	4.56
0.030136986	54.63	9.84	12.08	13.67	12.49	8.81	4.56
0.032876712	54.63	9.84	12.08	13.67	12.49	8.81	4.57
0.035616438	54.63	9.84	12.09	13.67	12.49	8.81	4.57
0.038356164	54.63	9.85	12.03	13.71	12.37	8.93	4.50
0.041095890	54.63	9.85	12.00	13.74	12.37	8.93	4.50
0.043835616	54.63	9.85	12.00	13.74	12.30	9.01	4.50
0.046575342	54.62	9.85	12.08	13.65	12.33	9.04	4.52
0.049315068	54.62	9.85	12.12	13.61	12.33	9.04	4.52
0.052054795	54.62	9.85	12.12	13.57	12.32	9.07	4.54
0.054794521	54.62	9.85	12.17	13.51	12.32	9.07	4.54
0.057534247	54.57	9.91	12.17	13.51	12.30	9.04	4.54
0.060273973	54.57	9.91	12.15	13.53	12.30	9.04	4.54
0.063013699	54.57	9.91	12.20	13.52	12.26	9.04	4.54
0.065753425	54.57	9.91	12.18	13.55	12.25	9.04	4.48
0.068493151	54.57	10.09	12.01	13.51	12.28	9.04	4.48
0.071232877	54.57	10.13	11.99	13.53	12.17	9.11	4.48
0.073972603	54.64	10.06	11.90	13.62	12.12	9.37	4.77
0.076712329	54.64	10.06	12.00	13.48	12.19	9.31	5.15
0.079452055	54.64	10.06	11.97	13.51	12.19	9.31	5.15
0.082191781	54.64	10.06	11.97	13.51	12.19	9.31	5.15
0.084931507	54.64	10.06	11.97	13.51	12.23	9.28	5.15
0.087671233	54.64	10.06	11.97	13.53	12.14	9.34	5.15
0.090410959	54.64	10.06	11.97	13.46	12.21	9.33	5.16
0.093150685	54.63	9.97	12.00	13.58	12.14	9.32	5.17
0.095890411	54.63	9.97	12.00	13.58	12.14	9.32	5.17
0.098630137	54.63	9.97	12.05	13.53	12.14	9.18	5.34
0.101369863	54.63	9.97	12.05	13.53	12.14	9.18	5.34
0.104109589	54.63	9.97	12.01	13.58	12.14	9.18	5.33
0.106849315	54.63	9.97	12.00	13.64	12.09	9.10	5.42
0.109589041	54.63	9.60	12.37	13.59	12.12	9.30	5.24
0.112328767	54.63	9.60	12.37	13.65	12.06	9.30	5.24
0.115068493	54.63	9.60	12.37	13.67	12.04	9.28	5.26
0.117808219	54.63	9.60	12.37	13.66	12.05	9.28	5.26
0.120547945	55.59	8.64	12.37	13.66	12.04	9.29	5.29
0.123287671	54.52	9.71	12.42	13.60	11.95	9.38	5.17
0.126027397	54.52	9.71	12.46	13.57	11.89	9.44	5.17
0.128767123	54.52	9.71	12.46	13.39	12.07	9.44	5.17
0.131506849	54.50	9.74	12.45	13.39	12.07	9.23	5.38
0.134246575	54.50	9.74	12.45	13.39	12.07	9.23	5.38
0.136986301	54.50	9.74	12.45	13.39	12.07	9.21	5.39
0.139726027	54.50	9.75	12.42	13.41	12.07	9.21	5.39
0.142465753	55.13	9.12	12.37	13.46	12.07	9.21	5.40
0.145205479	55.13	9.12	12.24	13.59	12.07	9.21	5.29
0.147945205	55.13	9.13	12.16	13.57	12.16	9.21	5.29
0.150684932	55.13	9.13	12.27	13.47	12.16	9.21	5.29
0.153424658	55.13	9.27	12.13	13.47	12.13	9.24	5.29
0.156164384	55.15	9.25	12.13	13.47	12.10	9.27	5.29
0.158904110	55.61	8.79	12.21	13.38	12.10	9.35	5.21
0.161643836	55.61	8.80	12.29	13.30	12.08	9.37	5.22
0.164383562	55.61	8.80	12.29	13.30	12.08	9.37	5.26
0.167123288	55.61	8.75	12.33	13.30	12.08	9.37	5.26
0.169863014	56.38	8.05	12.26	13.15	12.22	9.37	5.26
0.172602740	56.38	8.05	12.29	13.15	12.10	9.47	5.15
0.175342466	56.38	8.11	12.10	13.26	12.10	9.52	5.12
0.178082192	56.56	7.86	12.17	13.36	11.92	9.59	5.12
0.180821918	56.56	7.86	12.17	13.36	11.92	9.59	5.13
0.183561644	56.56	7.86	12.09	13.44	11.92	9.59	5.13
0.186301370	56.54	7.88	12.09	13.44	11.88	9.64	5.13
0.189041096	56.56	7.86	12.09	13.34	11.85	9.76	5.13
0.191780822	56.48	7.94	12.09	13.34	11.85	9.76	5.13
0.194520548	56.48	7.94	12.09	13.36	11.88	9.71	5.14
0.197260274	56.41	8.01	12.09	13.31	11.83	9.69	5.26
0.200000000	56.41	8.01	12.09	13.40	11.75	9.68	5.27
0.202739726	56.33	8.38	11.80	13.40	11.75	9.68	5.27
0.205479452	56.33	8.39	11.79	13.40	11.72	9.71	5.28
0.208219178	56.26	8.47	11.78	13.41	11.72	9.71	5.28
0.210958904	56.26	8.47	11.78	13.41	11.83	9.51	5.37
0.213698630	56.18	8.54	11.78	13.41	11.83	9.51	5.37
0.216438356	56.18	8.54	11.78	13.47	11.84	9.44	5.37
0.219178082	56.18	8.49	11.83	13.64	11.67	9.44	5.39
0.221917808	56.11	8.56	11.83	13.64	11.59	9.52	5.13
0.224657534	56.13	8.54	11.90	13.59	11.57	9.52	5.13
0.227397260	56.05	8.59	11.75	13.76	11.55	9.54	5.13
0.230136986	56.05	8.59	11.75	13.76	11.55	9.54	5.13
0.232876712	55.98	8.67	11.75	13.76	11.55	9.51	5.17
0.235616438	55.98	8.67	11.75	13.76	11.55	9.51	5.17
0.238356164	55.90	8.41	12.13	13.71	11.55	9.51	5.17
0.241095890	55.90	8.41	12.13	13.73	11.53	9.51	5.17
0.243835616	55.83	8.48	11.97	13.89	11.53	9.48	5.19
0.246575342	55.83	8.48	11.97	13.89	11.53	9.48	5.19
0.249315068	55.83	8.33	12.13	13.89	11.53	9.48	5.19
0.252054795	55.75	8.40	12.13	13.89	11.53	9.48	5.19
0.254794521	55.75	8.40	12.29	13.73	11.53	9.48	5.19
0.257534247	55.68	8.48	12.29	13.74	11.52	9.48	5.19
0.260273973	55.90	8.26	12.29	13.59	11.63	9.52	5.19
0.263013699	55.89	8.38	12.37	13.17	11.85	9.52	5.05
0.265753425	55.89	8.38	12.13	13.47	11.79	9.52	5.05
0.268493151	55.89	8.43	12.08	13.49	11.77	9.43	5.15
0.271232877	55.89	8.43	12.08	13.49	11.69	9.51	5.12
0.273972603	55.89	8.44	12.04	13.54	11.77	9.42	5.18
0.276712329	55.89	8.44	12.04	13.56	11.75	9.42	5.18
0.279452055	55.89	8.44	11.83	14.05	11.47	9.42	5.18
0.282191781	55.88	8.40	11.87	14.05	11.47	9.45	5.15
0.284931507	55.89	8.39	11.87	14.05	11.47	9.45	5.15
0.287671233	55.89	8.39	11.87	14.21	11.27	9.49	5.15
0.290410959	55.89	8.60	11.66	14.21	11.27	9.49	5.13
0.293150685	56.22	8.26	11.66	14.05	11.43	9.50	5.12
0.295890411	56.22	8.26	11.47	14.24	11.39	9.54	4.96
0.298630137	56.22	8.26	11.47	14.27	11.35	9.54	4.96
0.301369863	56.22	8.26	11.47	14.30	11.32	9.54	4.96
0.304109589	56.22	8.26	11.47	14.23	11.40	9.55	4.95
0.306849315	56.22	8.19	11.54	14.23	11.40	9.55	4.95
0.309589041	56.22	8.29	11.45	14.26	11.37	9.55	4.95
0.312328767	56.22	8.29	11.42	14.28	11.37	9.55	4.95
0.315068493	56.22	8.29	11.25	14.46	11.37	9.56	4.94
0.317808219	56.22	8.51	11.03	14.46	11.37	9.51	4.99
0.320547945	56.22	8.51	10.81	14.68	11.41	9.47	4.99
0.323287671	56.22	8.51	10.81	14.68	11.41	9.47	5.00
0.326027397	56.22	8.38	10.93	14.68	11.41	9.47	5.00
0.328767123	56.57	8.03	10.93	14.75	11.34	9.47	5.00
0.331506849	56.57	7.86	11.10	14.75	11.34	9.47	5.00
0.334246575	56.57	7.68	11.25	14.84	11.27	9.47	5.00
0.336986301	56.57	7.50	11.44	14.79	11.32	9.47	5.00
0.339726027	56.57	7.50	11.44	14.79	11.32	9.47	5.25
0.342465753	56.57	7.50	11.35	14.80	11.40	9.47	5.25
0.345205479	56.57	7.44	11.41	14.80	11.40	9.47	5.25
0.347945205	56.57	7.44	11.41	14.79	11.43	9.51	5.19
0.350684932	56.57	7.45	11.40	14.78	11.44	9.51	5.19
0.353424658	56.57	7.45	11.40	14.78	11.55	9.40	5.19
0.356164384	56.57	7.45	11.40	14.71	11.62	9.48	5.11
0.358904110	56.57	7.45	11.33	14.78	11.62	9.48	5.11
0.361643836	56.76	7.26	11.29	14.75	11.69	9.48	5.11
0.364383562	56.76	7.26	11.29	14.77	11.67	9.48	5.11
0.367123288	56.76	7.26	11.29	14.77	11.67	9.48	5.11
0.369863014	56.76	7.26	11.29	14.83	11.61	9.48	5.11
0.372602740	56.78	7.24	11.29	14.79	11.54	9.59	5.18
0.375342466	56.78	7.26	11.27	14.73	11.67	9.43	5.26
0.378082192	56.42	7.61	11.04	14.97	11.67	9.43	5.27
0.380821918	56.42	7.54	11.05	15.03	11.67	9.43	5.27
0.383561644	56.42	7.54	11.05	15.03	11.67	9.43	5.27
0.386301370	56.11	7.88	11.02	15.04	11.65	9.52	5.19
0.389041096	56.11	7.88	11.02	15.04	11.69	9.48	5.19
0.391780822	56.11	8.02	10.88	15.04	11.69	9.48	5.19
0.394520548	56.11	8.02	10.88	15.16	11.57	9.48	5.19
0.397260274	56.11	8.02	10.88	15.16	11.57	9.48	5.19
0.400000000	56.11	8.02	10.88	15.17	11.56	9.48	5.19
0.402739726	56.11	8.08	10.82	15.12	11.61	9.48	5.18
0.405479452	56.11	8.08	10.80	15.12	11.63	9.48	5.18
0.408219178	56.11	8.09	10.79	15.21	11.63	9.40	5.18
0.410958904	56.11	8.09	10.79	15.21	11.53	9.49	5.18
0.413698630	56.11	8.09	10.79	15.21	11.53	9.49	5.18
0.416438356	55.96	8.11	10.92	15.14	11.60	9.49	5.18
0.419178082	55.96	8.11	10.92	15.14	11.60	9.49	5.18
0.421917808	55.96	8.06	10.97	15.14	11.58	9.52	5.23
0.424657534	55.96	8.06	10.97	15.14	11.52	9.59	5.23
0.427397260	55.96	8.03	11.00	15.21	11.45	9.59	5.23
0.430136986	55.96	8.03	11.33	14.88	11.45	9.59	5.23
0.432876712	55.96	8.03	11.33	14.89	11.44	9.59	5.23
0.435616438	55.96	8.04	11.32	14.89	11.44	9.59	5.23
0.438356164	55.96	8.04	11.49	14.76	11.41	9.57	5.25
0.441095890	55.96	8.04	11.49	14.82	11.39	9.51	5.25
0.443835616	56.00	8.01	11.37	14.94	11.32	9.58	5.25
0.446575342	56.00	8.01	11.37	14.94	11.32	9.58	5.25
0.449315068	56.00	8.01	11.37	15.02	11.27	9.55	5.25
0.452054795	56.00	8.01	11.37	15.02	11.28	9.54	5.25
0.454794521	56.00	8.01	11.37	15.02	11.28	9.53	5.27
0.457534247	55.64	8.23	11.51	15.06	11.21	9.55	5.27
0.460273973	55.64	8.24	11.49	15.03	11.25	9.56	5.26
0.463013699	55.64	8.44	11.30	15.03	11.25	9.56	5.26
0.465753425	55.64	8.44	11.25	15.05	11.27	9.56	5.26
0.468493151	55.64	8.44	11.25	14.98	11.42	9.48	5.26
0.471232877	55.64	8.24	11.46	15.09	11.31	9.46	5.34
0.473972603	55.64	8.24	11.46	15.09	11.31	9.46	5.34
0.476712329	55.64	8.25	11.12	15.39	11.33	9.46	5.34
0.479452055	55.64	8.25	11.12	15.39	11.33	9.46	5.34
0.482191781	55.64	8.25	11.21	15.30	11.39	9.40	5.34
0.484931507	55.64	8.38	11.09	15.30	11.39	9.40	5.34
0.487671233	55.64	8.38	11.09	15.32	11.38	9.38	5.36
0.490410959	55.67	8.34	11.09	15.41	11.28	9.38	5.36
0.493150685	55.67	8.35	11.08	15.41	11.28	9.38	5.36
0.495890411	55.45	8.52	11.13	15.47	11.24	9.36	5.36
0.498630137	55.45	8.52	11.13	15.40	11.34	9.33	5.36
0.501369863	55.45	8.52	11.14	15.37	11.40	9.29	5.36
0.504109589	55.30	8.67	11.14	15.37	11.40	9.27	5.38
0.506849315	55.30	8.67	11.14	15.37	11.40	9.27	5.38
0.509589041	55.30	8.67	11.14	15.23	11.54	9.27	5.38
0.512328767	55.30	8.72	11.09	15.23	11.54	9.26	5.38
0.515068493	55.30	8.72	11.03	15.29	11.54	9.27	5.38
0.517808219	55.30	8.72	11.04	15.27	11.45	9.35	5.39
0.520547945	55.26	8.69	11.12	15.27	11.40	9.38	5.48
0.523287671	55.26	8.71	11.10	15.27	11.40	9.38	5.48
0.526027397	55.26	8.71	11.20	15.26	11.33	9.38	5.47
0.528767123	55.26	8.65	11.25	15.15	11.39	9.42	5.47
0.531506849	55.26	8.71	11.42	14.92	11.40	9.42	5.47
0.534246575	55.26	8.71	11.42	14.95	11.36	9.42	5.47
0.536986301	55.10	8.86	11.45	14.93	11.36	9.41	5.49
0.539726027	55.10	8.87	11.44	14.93	11.36	9.41	5.49
0.542465753	55.10	8.87	11.44	14.92	11.40	9.35	5.51
0.545205479	55.10	8.87	11.49	14.86	11.40	9.35	5.51
0.547945205	55.10	8.87	11.49	14.74	11.52	9.35	5.51
0.550684932	55.10	8.87	11.57	14.66	11.52	9.35	5.51
0.553424658	55.10	9.06	11.38	14.66	11.52	9.34	5.53
0.556164384	55.10	9.06	11.47	14.60	11.50	9.34	5.53
0.558904110	55.13	8.85	11.47	14.74	11.54	9.34	4.93
0.561643836	55.13	8.85	11.47	14.74	11.54	9.34	4.96
0.564383562	55.13	8.85	11.47	14.74	11.45	9.42	4.94
0.567123288	55.13	8.85	11.47	14.79	11.40	9.43	4.94
0.569863014	55.13	8.85	11.61	14.65	11.40	9.30	5.07
0.572602740	55.13	8.85	11.61	14.65	11.40	9.30	5.07
0.575342466	55.63	8.35	11.61	14.65	11.40	9.30	5.07
0.578082192	55.63	8.35	11.61	14.59	11.51	9.25	5.07
0.580821918	55.63	8.35	11.52	14.68	11.51	9.25	5.07
0.583561644	55.63	8.35	11.52	14.68	11.51	9.00	5.33
0.586301370	55.63	8.35	11.52	14.64	11.54	9.00	5.33
0.589041096	55.67	8.32	11.45	14.71	11.54	9.00	5.33
0.591780822	55.67	8.32	11.45	14.71	11.58	8.95	5.12
0.594520548	55.67	8.32	11.45	14.71	11.58	8.95	5.12
0.597260274	55.67	8.32	11.16	15.00	11.58	8.94	5.12
0.600000000	55.67	8.32	11.16	15.03	11.55	8.94	5.12
0.602739726	55.67	8.32	11.16	15.00	11.58	8.94	5.12
0.605479452	55.67	8.32	11.16	15.00	11.58	8.94	5.12
0.608219178	55.67	8.24	11.24	14.99	11.60	8.93	5.12
0.610958904	55.67	8.24	11.16	15.06	11.60	9.05	5.01
0.613698630	55.67	8.24	11.16	15.06	11.66	8.99	5.01
0.616438356	56.18	7.73	11.16	15.04	11.68	8.99	5.01
0.619178082	56.18	7.90	11.00	15.01	11.71	8.99	5.01
0.621917808	56.18	7.90	11.00	15.03	11.69	9.00	4.51
0.624657534	56.18	7.90	10.88	15.14	11.69	9.00	4.51
0.627397260	56.18	7.90	10.88	15.14	11.66	9.04	4.51
0.630136986	56.16	7.93	10.87	15.11	11.69	9.04	4.51
0.632876712	56.19	7.90	10.86	15.12	11.65	9.06	4.51
0.635616438	56.19	7.90	10.86	15.12	11.68	9.04	4.51
0.638356164	56.19	7.90	10.86	15.12	11.68	9.04	4.51
0.641095890	56.19	7.90	10.98	15.01	11.68	9.04	4.51
0.643835616	56.19	7.90	10.93	15.08	11.62	9.08	4.51
0.646575342	56.19	7.90	10.93	15.08	11.62	9.08	4.51
0.649315068	56.19	7.91	10.92	15.08	11.62	9.22	4.26
0.652054795	56.19	7.91	10.92	15.08	11.62	9.22	4.27
0.654794521	56.69	7.41	10.72	15.31	11.59	9.22	4.27
0.657534247	56.69	7.41	10.66	15.36	11.59	9.22	4.27
0.660273973	56.69	7.41	10.66	15.36	11.59	9.22	4.27
0.663013699	56.69	7.41	10.66	15.36	11.59	9.22	4.27
0.665753425	56.69	7.41	10.66	15.40	11.54	9.12	4.34
0.668493151	56.41	7.70	10.87	15.26	11.47	9.12	4.34
0.671232877	56.06	8.10	10.81	15.28	11.45	9.12	4.34
0.673972603	56.06	8.06	10.85	15.31	11.42	9.12	4.34
0.676712329	56.06	8.06	10.85	15.31	11.42	9.12	4.34
0.679452055	56.38	7.76	10.83	15.40	11.35	9.11	4.34
0.682191781	56.38	7.76	10.83	15.40	11.35	8.89	4.56
0.684931507	56.38	7.76	10.63	15.61	11.35	8.89	4.56
0.687671233	56.38	7.76	10.64	15.59	11.35	8.89	4.56
0.690410959	56.38	7.76	10.66	15.57	11.29	8.95	4.56
0.693150685	56.38	7.76	10.66	15.57	11.29	8.95	4.56
0.695890411	56.38	7.78	10.65	15.60	11.35	8.86	4.56
0.698630137	56.38	7.79	10.64	15.52	11.33	8.95	4.56
0.701369863	56.38	7.79	10.64	15.52	11.33	8.99	4.52
0.704109589	56.38	7.79	10.64	15.63	11.32	8.90	4.48
0.706849315	56.38	7.79	10.64	15.49	11.45	8.89	4.49
0.709589041	56.38	7.79	10.64	15.49	11.45	8.89	4.49
0.712328767	55.63	8.62	10.56	15.49	11.45	8.89	4.49
0.715068493	55.63	8.62	10.56	15.55	11.39	8.89	4.49
0.717808219	55.63	8.62	10.56	15.55	11.39	8.89	4.49
0.720547945	55.60	8.64	10.56	15.60	11.34	8.90	4.49
0.723287671	55.58	8.66	10.56	15.55	11.37	8.95	4.45
0.726027397	54.60	9.65	10.55	15.55	11.29	9.04	4.45
0.728767123	54.60	9.65	10.89	15.14	11.43	8.96	4.45
0.731506849	54.60	9.65	10.89	15.11	11.46	8.96	4.45
0.734246575	54.60	9.57	10.98	15.11	11.34	9.08	4.45
0.736986301	54.60	9.57	10.98	14.93	11.52	9.08	4.45
0.739726027	54.60	9.57	10.68	15.23	11.52	9.08	4.45
0.742465753	54.60	9.58	10.66	15.33	11.37	9.13	4.45
0.745205479	54.60	9.17	11.08	15.22	11.48	9.14	4.40
0.747945205	54.60	9.16	11.08	15.22	11.48	9.03	4.51
0.750684932	54.60	9.07	11.17	15.22	11.48	9.03	4.51
0.753424658	54.60	9.07	11.17	15.22	11.48	9.03	4.55
0.756164384	54.60	9.07	11.17	15.22	11.48	9.03	4.55
0.758904110	54.60	9.07	11.17	15.22	11.48	9.03	4.52
0.761643836	54.60	9.07	11.17	15.22	11.48	9.03	4.52
0.764383562	54.60	9.07	11.17	15.22	11.47	9.04	4.60
0.767123288	54.60	9.07	11.26	15.13	11.47	9.04	4.60
0.769863014	54.23	9.44	11.26	15.13	11.45	9.06	4.60
0.772602740	54.23	9.44	11.26	15.13	11.44	9.08	4.60
0.775342466	54.20	9.47	11.26	15.13	11.51	9.00	4.66
0.778082192	54.20	9.38	11.35	15.11	11.53	9.00	4.66
0.780821918	54.20	9.38	11.35	15.11	11.53	9.00	4.66
0.783561644	54.20	9.38	11.35	15.00	11.64	9.00	4.66
0.786301370	54.20	9.38	11.36	15.06	11.58	9.00	4.66
0.789041096	54.20	9.38	11.36	15.06	11.58	8.94	4.72
0.791780822	54.20	9.37	11.37	14.97	11.76	8.85	4.72
0.794520548	54.20	9.37	11.37	14.97	11.76	8.85	4.72
0.797260274	54.03	9.54	11.37	14.97	11.76	8.85	4.73
0.800000000	54.03	9.54	11.31	14.96	11.82	8.85	4.51
0.802739726	54.03	9.46	11.40	14.96	11.82	8.86	4.50
0.805479452	54.03	9.46	11.40	14.94	11.84	8.86	4.50
0.808219178	54.03	9.46	11.40	14.90	11.88	8.86	4.50
0.810958904	54.03	9.46	11.40	14.90	11.88	8.85	4.51
0.813698630	54.03	9.46	11.40	14.87	11.91	8.85	4.51
0.816438356	53.83	9.61	11.40	14.92	11.91	8.85	4.51
0.819178082	53.83	9.61	11.39	14.93	11.91	8.85	4.52
0.821917808	53.83	9.61	11.39	14.93	11.86	8.90	4.52
0.824657534	53.83	9.61	11.39	14.93	11.95	8.81	4.48
0.827397260	53.83	9.61	11.06	15.26	11.94	8.81	4.48
0.830136986	53.82	9.52	11.15	15.32	11.80	8.90	4.48
0.832876712	53.82	9.52	11.14	15.31	11.83	8.88	4.48
0.835616438	53.82	9.52	11.14	15.31	11.83	8.89	4.47
0.838356164	53.82	9.47	11.19	15.35	11.80	8.89	4.47
0.841095890	53.40	9.90	11.19	15.35	11.80	8.89	4.48
0.843835616	53.40	9.90	11.19	15.35	11.78	8.91	4.48
0.846575342	53.40	9.90	11.19	15.35	11.78	8.91	4.48
0.849315068	53.40	9.90	11.19	15.35	11.78	8.91	4.48
0.852054795	53.40	9.90	11.19	15.44	11.69	8.91	4.48
0.854794521	53.40	9.81	11.49	15.22	11.69	8.91	4.48
0.857534247	53.40	9.81	11.53	15.10	11.76	8.91	4.48
0.860273973	53.40	9.81	11.53	15.10	11.76	8.84	4.55
0.863013699	53.40	9.81	11.46	15.17	11.76	8.84	4.56
0.865753425	53.40	9.81	11.46	15.17	11.76	8.84	4.51
0.868493151	53.34	9.84	11.49	15.21	11.73	8.84	4.51
0.871232877	53.34	9.84	11.49	15.21	11.68	8.89	4.51
0.873972603	53.34	9.92	11.41	15.21	11.67	8.91	4.51
0.876712329	53.34	9.92	11.34	15.28	11.67	8.91	4.51
0.879452055	53.34	9.92	11.34	15.23	11.77	8.85	4.51
0.882191781	53.31	9.86	11.43	15.23	11.77	8.86	4.51
0.884931507	53.31	9.86	11.43	15.23	11.77	8.86	4.51
0.887671233	53.31	9.86	11.43	15.23	11.80	8.82	4.51
0.890410959	53.31	9.86	11.43	15.18	11.84	8.83	4.51
0.893150685	53.31	9.86	11.43	15.18	11.84	8.83	4.51
0.895890411	53.31	9.86	11.52	15.09	11.84	8.83	4.51
0.898630137	53.31	9.86	11.52	15.09	11.84	8.83	4.51
0.901369863	53.32	10.11	11.27	15.04	11.89	8.84	4.51
0.904109589	53.26	10.16	11.10	15.18	11.91	8.90	5.41
0.906849315	53.26	9.87	11.38	15.19	11.91	8.90	5.41
0.909589041	53.05	9.99	11.47	15.19	11.89	8.80	5.54
0.912328767	53.05	10.02	11.44	15.18	11.90	8.80	5.54
0.915068493	53.05	10.02	11.44	15.13	11.95	8.83	5.51
0.917808219	53.05	9.86	11.60	15.13	11.95	8.83	5.51
0.920547945	53.05	9.86	11.32	15.41	11.91	8.87	5.51
0.923287671	53.05	9.86	11.25	15.48	11.91	8.87	5.51
0.926027397	53.28	9.63	11.23	15.36	12.14	8.79	5.51
0.928767123	53.28	9.29	11.57	15.36	12.14	8.79	5.59
0.931506849	53.28	9.60	11.25	15.36	12.14	8.79	5.59
0.934246575	53.28	9.60	11.23	15.38	12.13	8.79	5.59
0.936986301	53.28	9.60	11.23	15.38	12.13	8.79	5.59
0.939726027	53.23	9.66	11.23	15.33	12.18	8.79	5.59
0.942465753	53.23	9.66	11.22	15.31	12.22	8.79	5.59
0.945205479	53.23	9.70	11.25	15.23	12.22	8.80	5.59
0.947945205	53.23	9.70	11.25	15.23	12.22	8.80	5.59
0.950684932	53.23	9.70	11.25	15.19	12.32	8.74	5.59
0.953424658	53.23	9.70	11.28	15.15	12.32	8.74	5.59
0.956164384	53.21	9.72	11.39	15.04	12.31	8.75	5.59
0.958904110	53.21	9.72	11.39	15.04	12.31	8.75	5.59
0.961643836	53.22	9.71	11.39	15.04	12.31	8.77	5.56
0.964383562	53.22	9.71	11.42	15.01	12.31	8.77	5.56
0.967123288	53.22	9.71	11.42	14.91	12.41	8.78	5.56
0.969863014	53.22	10.25	10.74	15.04	12.41	8.79	5.55
0.972602740	53.22	10.25	10.74	15.04	12.41	8.79	5.55
0.975342466	53.22	10.25	10.81	14.98	12.41	8.79	5.55
0.978082192	53.23	10.24	10.74	15.04	12.42	8.78	5.55
0.980821918	53.23	10.28	10.71	15.04	12.42	8.77	5.55
0.983561644	53.23	10.28	10.71	15.04	12.42	8.77	5.55
0.986301370	53.23	10.28	10.71	15.02	12.42	8.81	5.55
0.989041096	53.16	10.35	10.71	15.02	12.42	8.81	5.55
0.991780822	53.16	10.35	10.68	15.05	12.42	8.81	5.55
0.994520548	53.16	10.35	10.70	15.01	12.43	8.81	5.55
0.997260274	53.16	10.35	10.70	15.02	12.42	8.81	5.55
1.000000000	53.16	10.08	10.97	15.01	12.42	8.81	5.55
1.002739726	53.16	10.08	10.97	15.01	12.39	8.84	5.55
1.005479452	53.16	10.07	10.97	15.01	12.39	8.84	5.55
1.008219178	53.16	10.07	10.97	15.01	12.39	8.86	5.53
1.010958904	53.16	10.07	10.97	15.01	12.39	8.86	5.53
1.013698630	53.11	10.12	11.00	14.99	12.39	8.86	5.53
1.016438356	53.11	10.22	10.90	14.99	12.36	8.89	5.53
1.019178082	53.11	10.22	11.09	14.86	12.30	8.92	5.51
1.021917808	53.11	10.16	11.10	14.91	12.30	8.92	5.51
1.024657534	53.11	10.16	11.20	14.81	12.30	8.92	5.51
1.027397260	53.11	10.16	11.20	14.81	12.45	8.77	5.51
1.030136986	53.11	10.16	11.20	14.81	12.45	8.75	5.53
1.032876712	53.11	10.16	11.20	14.81	12.37	8.83	5.52
1.035616438	53.11	10.09	11.29	14.79	12.37	8.83	5.52
1.038356164	53.11	10.09	11.29	14.79	12.37	8.83	5.53
1.041095890	53.11	10.08	11.30	14.79	12.37	8.83	5.53
1.043835616	53.11	10.08	11.30	14.79	12.37	8.83	5.53
1.046575342	53.11	10.01	11.37	14.79	12.35	8.82	5.55
1.049315068	53.11	10.01	11.37	14.79	12.35	8.82	5.55
1.052054795	53.06	10.06	11.37	14.79	12.66	8.51	5.55
1.054794521	53.06	10.06	11.37	14.75	12.70	8.51	5.55
1.057534247	53.06	10.06	11.37	14.75	12.70	8.51	5.55
1.060273973	53.06	9.99	11.44	14.75	12.70	8.51	5.55
1.063013699	52.94	10.11	11.44	14.75	12.70	8.49	5.57
1.065753425	52.94	10.10	11.25	14.95	12.70	8.49	5.56
1.068493151	52.92	10.12	11.25	15.09	12.47	8.59	5.56
1.071232877	52.92	10.05	11.31	15.09	12.47	8.59	5.56
1.073972603	52.92	10.05	11.31	15.09	12.47	8.59	5.56
1.076712329	52.92	10.05	11.48	14.78	12.61	8.59	5.56
1.079452055	52.92	10.05	11.48	14.78	12.61	8.57	5.15
1.082191781	52.92	10.05	11.48	14.78	12.61	8.52	5.20
1.084931507	52.92	9.98	11.55	14.78	12.64	8.48	5.20
1.087671233	52.92	9.98	11.55	14.78	12.64	8.40	5.28
1.090410959	52.94	9.97	11.56	14.76	12.66	8.40	5.28
1.093150685	52.94	9.96	11.56	14.76	12.61	8.45	5.28
1.095890411	52.94	9.89	11.63	14.69	12.59	8.54	5.28
1.098630137	52.94	9.54	11.98	14.69	12.59	8.54	5.28
1.101369863	52.94	9.54	11.98	14.69	12.59	8.54	5.28
1.104109589	52.98	9.49	11.98	14.72	12.56	8.50	5.32
1.106849315	52.98	9.49	11.84	14.86	12.56	8.50	5.32
1.109589041	52.98	9.49	11.84	14.86	12.53	8.53	5.32
1.112328767	52.98	9.49	11.84	14.86	12.53	8.53	5.32
1.115068493	52.98	9.49	11.84	14.86	12.53	8.53	5.32
1.117808219	52.98	9.48	11.85	14.91	12.45	8.56	5.32
1.120547945	52.98	9.48	11.85	14.91	12.45	8.56	4.58
1.123287671	52.98	9.48	11.85	14.91	12.45	8.56	4.58
1.126027397	52.95	9.51	11.85	14.91	12.45	8.55	4.58
1.128767123	52.92	9.55	11.85	14.85	12.39	8.68	4.58
1.131506849	52.92	9.69	11.71	14.85	12.31	8.76	4.58
1.134246575	52.92	9.69	11.71	14.85	12.31	8.76	4.58
1.136986301	52.92	9.69	11.71	14.85	12.31	8.76	4.58
1.139726027	52.92	9.69	11.72	14.84	12.31	8.76	4.58
1.142465753	52.92	9.69	11.72	14.93	12.22	8.72	4.61
1.145205479	52.92	9.61	11.80	14.93	12.22	8.65	4.70
1.147945205	52.92	9.61	11.68	15.05	12.22	8.65	4.70
1.150684932	52.92	9.61	11.63	15.10	12.22	8.65	4.70
1.153424658	52.95	9.49	11.72	15.10	12.27	8.60	4.70
1.156164384	52.95	9.49	11.73	15.06	12.29	8.60	4.69
1.158904110	52.95	9.53	11.69	15.06	12.29	8.60	4.69
1.161643836	52.92	9.56	11.69	15.06	12.29	8.68	4.62
1.164383562	52.92	9.56	11.69	15.03	12.31	8.68	4.62
1.167123288	52.92	9.54	11.70	15.05	12.31	8.68	4.62
1.169863014	52.90	9.55	11.68	15.07	12.32	8.67	4.62
1.172602740	52.90	9.55	11.68	15.07	12.35	8.65	4.62
1.175342466	52.90	9.48	11.76	15.07	12.35	8.67	4.60
1.178082192	53.04	9.34	11.76	15.07	12.35	8.67	4.61
1.180821918	53.04	9.27	11.83	15.01	12.40	8.67	4.61
1.183561644	53.04	9.27	11.83	15.01	12.43	8.57	4.67
1.186301370	52.90	9.41	11.83	15.04	12.40	8.57	4.67
1.189041096	52.90	9.42	11.81	15.04	12.40	8.58	4.67
1.191780822	52.90	9.35	11.95	14.97	12.40	8.57	4.68
1.194520548	52.93	9.33	11.95	14.94	12.43	8.57	4.68
1.197260274	52.93	9.33	11.95	14.94	12.43	8.57	4.68
1.200000000	52.93	9.33	11.95	14.94	12.43	8.57	4.68
1.202739726	52.93	9.33	11.95	14.87	12.50	8.57	4.68
1.205479452	52.93	9.33	11.95	14.85	12.53	8.57	4.68
1.208219178	52.93	9.33	12.05	14.73	12.54	8.57	4.68
1.210958904	52.93	9.33	12.05	14.77	12.49	8.58	4.70
1.213698630	53.10	9.15	12.05	14.78	12.49	8.58	4.70
1.216438356	53.10	9.15	12.11	14.72	12.49	8.58	4.70
1.219178082	53.10	9.15	12.11	14.72	12.49	8.58	4.70
1.221917808	53.10	9.15	12.11	14.72	12.49	8.54	4.72
1.224657534	53.10	9.20	12.03	14.75	12.45	8.59	4.83
1.227397260	53.10	9.20	11.98	14.81	12.45	8.57	4.84
1.230136986	53.10	9.19	11.98	14.80	12.46	8.57	4.84
1.232876712	53.10	9.19	11.98	14.80	12.46	8.57	4.84
1.235616438	53.10	9.19	11.98	14.80	12.38	8.65	4.84
1.238356164	53.10	9.26	11.91	14.80	12.38	8.65	4.84
1.241095890	53.10	9.26	11.91	14.80	12.38	8.65	4.84
1.243835616	53.10	9.26	11.91	14.80	12.38	8.65	4.84
1.246575342	53.10	9.26	11.91	14.80	12.38	8.65	4.84
1.249315068	53.16	9.20	11.91	14.80	12.38	8.65	4.84
1.252054795	53.16	9.20	11.85	14.86	12.38	8.65	4.84
1.254794521	53.16	9.20	11.85	14.86	12.38	8.64	4.85
1.257534247	53.16	9.20	11.85	14.86	12.38	8.64	4.85
1.260273973	53.16	9.20	11.84	14.87	12.40	8.62	4.84
1.263013699	53.16	9.20	11.84	14.87	12.36	8.64	4.85
1.265753425	53.16	9.20	11.76	14.95	12.36	8.64	4.85
1.268493151	53.16	9.20	11.72	14.98	12.36	8.64	4.91
1.271232877	53.16	9.20	11.68	15.03	12.36	8.64	4.91
1.273972603	53.16	9.37	11.45	15.09	12.36	8.64	4.99
1.276712329	53.16	9.37	11.45	15.09	12.36	8.64	4.99
1.279452055	53.16	9.37	11.45	15.05	12.41	8.64	4.99
1.282191781	53.16	9.95	10.87	15.05	12.41	8.64	4.99
1.284931507	53.16	9.95	10.87	15.04	12.41	8.66	4.97
1.287671233	53.16	9.95	10.87	15.04	12.41	8.66	4.97
1.290410959	53.16	10.02	10.80	15.10	12.36	8.66	4.98
1.293150685	53.16	10.02	10.80	15.10	12.36	8.70	4.93
1.295890411	53.16	10.02	10.80	15.10	12.36	8.70	4.93
1.298630137	53.87	9.31	10.80	15.10	12.35	8.70	4.85
1.301369863	53.87	9.58	10.47	15.16	12.35	8.70	4.85
1.304109589	53.87	9.39	10.66	15.16	12.35	8.70	4.94
1.306849315	53.87	9.39	10.65	15.17	12.35	8.70	4.94
1.309589041	53.87	9.39	10.57	15.25	12.36	8.67	4.96
1.312328767	53.87	9.39	10.57	15.20	12.41	8.67	4.96
1.315068493	53.87	9.39	10.57	15.20	12.41	8.67	4.96
1.317808219	53.87	9.63	10.38	15.16	12.41	8.67	5.31
1.320547945	53.87	9.63	10.37	15.17	12.41	8.67	5.31
1.323287671	53.73	9.77	10.37	15.17	12.41	8.67	5.31
1.326027397	53.73	9.75	10.45	15.11	12.41	8.65	5.33
1.328767123	53.73	9.75	10.45	15.11	12.41	8.65	5.33
1.331506849	53.73	9.75	10.48	15.08	12.41	8.65	5.33
1.334246575	53.73	9.78	10.42	15.10	12.42	8.65	5.33
1.336986301	53.73	9.78	10.42	15.10	12.47	8.60	5.33
1.339726027	53.73	9.78	10.42	15.02	12.55	8.58	5.34
1.342465753	53.73	9.78	10.37	15.03	12.60	8.58	5.34
1.345205479	53.73	9.76	10.44	14.92	12.64	8.58	5.34
1.347945205	53.73	9.76	10.44	14.92	12.64	8.58	5.34
1.350684932	53.73	9.76	10.44	14.92	12.64	8.56	5.36
1.353424658	53.73	9.76	10.44	14.92	12.64	8.56	5.37
1.356164384	53.38	10.11	10.44	14.86	12.71	8.56	5.37
1.358904110	53.38	10.11	10.44	14.86	12.71	8.55	5.38
1.361643836	53.38	10.11	10.48	14.83	12.71	8.55	5.38
1.364383562	53.38	10.11	10.45	14.85	12.71	8.52	5.41
1.367123288	53.38	9.94	10.66	14.78	12.75	8.52	5.42
1.369863014	53.38	9.94	10.67	14.77	12.75	8.52	5.42
1.372602740	53.38	9.82	10.79	14.90	12.57	8.57	5.36
1.375342466	53.38	9.82	10.78	14.99	12.48	8.57	5.36
1.378082192	53.38	9.82	10.78	14.88	12.65	8.52	5.36
1.380821918	53.38	9.82	10.72	15.04	12.54	8.52	5.36
1.383561644	53.55	9.64	10.78	15.02	12.55	8.47	5.36
1.386301370	53.55	9.64	10.78	15.02	12.55	8.47	5.36
1.389041096	53.55	9.64	10.78	15.02	12.55	8.49	5.34
1.391780822	53.53	9.66	10.78	15.02	12.55	8.47	5.36
1.394520548	53.55	9.65	10.77	15.03	12.55	8.47	5.36
1.397260274	53.55	9.81	10.61	15.03	12.55	8.47	5.36
1.400000000	53.55	9.81	10.62	14.99	12.49	8.52	5.41
1.402739726	53.55	9.81	10.54	15.02	12.49	8.57	5.41
1.405479452	53.55	9.81	10.49	15.06	12.49	8.57	5.41
1.408219178	53.55	9.66	10.64	15.06	12.49	8.56	5.41
1.410958904	53.55	9.66	10.60	15.10	12.49	8.56	5.41
1.413698630	53.55	9.66	10.65	15.05	12.49	8.56	5.41
1.416438356	53.55	9.66	10.65	15.05	12.49	8.56	5.32
1.419178082	53.55	9.66	10.65	15.07	12.50	8.54	5.32
1.421917808	53.55	9.62	10.61	15.15	12.50	8.54	5.32
1.424657534	53.55	9.62	10.61	15.20	12.45	8.50	5.36
1.427397260	53.55	9.62	10.61	15.21	12.44	8.50	5.36
1.430136986	54.30	8.87	10.61	15.21	12.44	8.50	5.36
1.432876712	54.03	9.14	10.61	15.21	12.44	8.50	5.36
1.435616438	54.03	9.14	10.61	15.21	12.44	8.50	5.34
1.438356164	54.03	9.14	10.61	15.21	12.44	8.50	5.34
1.441095890	54.03	9.14	10.61	15.21	12.44	8.50	5.35
1.443835616	54.03	9.14	10.61	15.21	12.44	8.50	5.35
1.446575342	54.03	9.09	10.65	15.20	12.45	8.50	5.35
1.449315068	54.03	9.09	10.65	15.20	12.46	8.50	5.35
1.452054795	54.03	9.09	10.65	15.20	12.46	8.50	5.35
1.454794521	54.03	9.09	10.65	15.20	12.46	8.50	5.35
1.457534247	54.03	9.09	10.65	15.20	12.46	8.50	5.35
1.460273973	54.03	9.09	10.56	15.28	12.48	8.49	5.35
1.463013699	54.03	9.09	10.56	15.28	12.48	8.45	5.38
1.465753425	54.03	9.09	10.56	15.28	12.48	8.45	5.27
1.468493151	54.08	9.04	10.56	15.17	12.61	8.43	5.27
1.471232877	54.08	9.04	10.56	15.17	12.61	8.43	5.27
1.473972603	54.08	9.02	10.58	15.05	12.73	8.43	5.28
1.476712329	54.08	9.02	10.58	15.13	12.65	8.43	5.28
1.479452055	54.08	9.02	10.58	15.13	12.65	8.43	5.28
1.482191781	54.07	9.04	10.58	15.13	12.65	8.43	5.27
1.484931507	54.07	9.04	10.58	15.13	12.62	8.45	5.27
1.487671233	54.07	9.03	10.58	15.19	12.56	8.45	5.27
1.490410959	54.07	8.92	10.69	15.19	12.56	8.45	5.27
1.493150685	54.07	8.92	10.69	15.19	12.56	8.45	5.35
1.495890411	54.07	8.92	10.69	15.19	12.56	8.45	5.35
1.498630137	54.07	8.90	10.71	15.19	12.56	8.45	5.35
1.501369863	54.07	8.90	10.71	15.19	12.56	8.45	5.35
1.504109589	54.07	8.90	10.71	15.18	12.58	8.41	5.38
1.506849315	54.45	8.52	10.71	15.18	12.58	8.41	5.38
1.509589041	54.45	8.52	10.62	15.24	12.62	8.41	5.38
1.512328767	54.45	8.54	10.60	15.24	12.67	8.36	5.38
1.515068493	54.45	8.54	10.60	15.24	12.67	8.36	5.47
1.517808219	54.36	8.63	10.60	15.24	12.67	8.36	5.47
1.520547945	54.36	8.63	10.60	15.24	12.69	8.35	5.47
1.523287671	54.36	8.63	10.53	15.31	12.69	8.34	5.47
1.526027397	53.74	9.25	10.53	15.31	12.69	8.35	5.27
1.528767123	53.74	9.25	10.53	15.27	12.73	8.35	5.27
1.531506849	53.48	9.49	10.58	15.08	12.87	8.35	5.27
1.534246575	53.48	9.49	10.55	15.11	12.87	8.35	5.27
1.536986301	53.48	9.43	10.61	15.11	12.87	8.35	5.28
1.539726027	53.48	9.43	10.61	15.11	12.85	8.37	5.28
1.542465753	53.48	9.43	10.61	15.11	12.85	8.35	5.30
1.545205479	53.48	9.43	10.61	15.11	12.85	8.35	5.30
1.547945205	53.48	9.43	10.61	15.11	12.85	8.35	5.30
1.550684932	53.48	9.43	10.61	15.10	12.87	8.35	5.30
1.553424658	53.48	9.43	10.64	15.07	12.83	8.38	5.30
1.556164384	53.48	9.49	10.58	15.07	12.83	8.37	5.32
1.558904110	53.48	9.41	10.65	15.09	12.83	8.37	5.32
1.561643836	53.48	9.11	10.94	15.09	12.83	8.37	5.32
1.564383562	53.48	9.09	10.96	15.16	12.76	8.37	5.32
1.567123288	53.48	9.00	11.02	15.19	12.76	8.37	5.32
1.569863014	53.48	9.00	11.02	15.19	12.72	8.41	5.32
1.572602740	53.48	9.00	11.02	15.30	12.61	8.38	5.22
1.575342466	53.48	8.99	11.06	15.24	12.63	8.38	5.22
1.578082192	53.48	9.03	11.02	15.24	12.63	8.38	5.23
1.580821918	53.29	9.23	11.02	15.24	12.63	8.38	5.23
1.583561644	53.29	9.23	11.02	15.24	12.63	8.37	5.24
1.586301370	53.29	9.23	11.02	15.26	12.61	8.40	5.20
1.589041096	53.28	9.24	11.02	15.26	12.61	8.40	5.20
1.591780822	53.28	9.24	11.02	15.26	12.61	8.37	5.23
1.594520548	53.28	9.24	11.02	15.26	12.61	8.36	5.25
1.597260274	53.28	9.24	11.05	15.22	12.61	8.36	5.26
1.600000000	53.28	9.23	11.06	15.22	12.61	8.36	5.27
1.602739726	53.28	9.23	11.06	15.25	12.58	8.36	5.27
1.605479452	53.28	8.97	11.29	15.29	12.58	8.34	5.29
1.608219178	53.28	8.97	11.29	15.29	12.58	8.34	5.29
1.610958904	53.28	8.97	11.23	15.35	12.58	8.34	5.29
1.613698630	53.28	8.97	11.14	15.46	12.54	8.35	5.29
1.616438356	53.28	8.97	11.14	15.46	12.54	8.35	5.29
1.619178082	53.28	8.97	11.14	15.46	12.43	8.46	5.29
1.621917808	53.28	8.97	11.23	15.38	12.43	8.45	5.30
1.624657534	53.28	8.97	11.23	15.38	12.49	8.40	5.28
1.627397260	53.19	9.06	11.29	15.32	12.49	8.40	5.28
1.630136986	53.19	9.06	11.29	15.30	12.42	8.47	5.30
1.632876712	53.36	8.89	11.26	15.30	12.45	8.47	5.30
1.635616438	53.36	8.89	11.26	15.26	12.50	8.47	5.30
1.638356164	53.36	8.89	11.26	15.26	12.50	8.47	5.30
1.641095890	53.36	8.89	11.25	15.26	12.50	8.47	5.30
1.643835616	53.36	8.89	11.38	15.18	12.45	8.48	5.29
1.646575342	53.36	9.07	11.20	15.18	12.45	8.48	5.29
1.649315068	53.36	9.07	11.20	15.12	12.51	8.48	5.29
1.652054795	53.36	9.07	11.11	15.22	12.51	8.48	5.29
1.654794521	53.22	9.21	11.11	15.22	12.51	8.48	5.29
1.657534247	53.22	9.21	11.11	15.22	12.51	8.48	5.29
1.660273973	53.22	9.12	11.20	15.22	12.39	8.61	5.29
1.663013699	53.22	9.12	11.20	15.22	12.39	8.60	5.32
1.665753425	53.22	9.12	11.20	15.22	12.35	8.64	5.32
1.668493151	53.22	9.02	11.30	15.22	12.35	8.64	5.32
1.671232877	53.24	8.99	11.30	15.22	12.35	8.64	5.28
1.673972603	53.24	8.99	11.30	15.15	12.41	8.64	5.28
1.676712329	53.23	9.01	11.24	15.18	12.44	8.64	5.28
1.679452055	53.23	9.01	11.24	15.18	12.44	8.64	5.28
1.682191781	53.23	9.01	11.24	15.22	12.40	8.64	5.28
1.684931507	53.23	9.01	11.16	15.30	12.40	8.64	5.28
1.687671233	53.23	9.01	11.06	15.43	12.39	8.63	5.28
1.690410959	53.23	9.01	11.06	15.43	12.39	8.63	5.28
1.693150685	53.23	9.01	11.06	15.40	12.42	8.63	5.28
1.695890411	53.23	9.01	11.06	15.40	12.42	8.63	5.28
1.698630137	53.23	9.01	11.06	15.40	12.42	8.63	5.27
1.701369863	53.23	9.07	11.00	15.40	12.42	8.63	5.27
1.704109589	53.23	9.06	11.00	15.40	12.42	8.63	5.27
1.706849315	53.23	9.06	10.88	15.51	12.42	8.63	5.27
1.709589041	53.26	8.98	10.95	15.50	12.40	8.64	5.31
1.712328767	53.26	8.87	11.06	15.50	12.40	8.64	5.31
1.715068493	53.26	8.87	11.06	15.50	12.40	8.64	5.27
1.717808219	53.26	8.87	11.06	15.47	12.43	8.65	5.27
1.720547945	53.26	8.87	11.02	15.41	12.54	8.65	5.27
1.723287671	53.26	8.87	11.02	15.41	12.44	8.75	4.90
1.726027397	53.26	8.87	11.02	15.31	12.53	8.94	5.13
1.728767123	53.26	8.87	10.99	15.34	12.53	8.94	5.14
1.731506849	53.26	8.87	10.95	15.38	12.53	8.94	5.14
1.734246575	53.26	8.78	11.09	15.34	12.53	8.94	5.14
1.736986301	53.26	8.78	11.10	15.32	12.53	8.97	5.10
1.739726027	53.26	8.78	11.10	15.32	12.53	8.97	5.10
1.742465753	53.26	8.78	11.10	15.32	12.52	8.98	5.10
1.745205479	53.28	8.95	10.90	15.32	12.52	8.98	5.10
1.747945205	53.28	8.86	11.00	15.32	12.52	8.98	5.10
1.750684932	53.50	8.64	10.94	15.38	12.52	8.98	5.10
1.753424658	53.50	8.64	10.90	15.41	12.52	9.01	5.08
1.756164384	53.50	8.62	10.90	15.46	12.51	9.01	5.08
1.758904110	53.50	8.62	10.90	15.46	12.62	8.89	5.10
1.761643836	53.50	8.62	10.90	15.46	12.62	8.89	5.10
1.764383562	53.50	8.62	10.90	15.46	12.62	8.89	5.10
1.767123288	53.50	8.62	10.90	15.46	12.62	8.89	5.10
1.769863014	53.50	8.62	10.90	15.47	12.61	8.89	5.10
1.772602740	53.50	8.62	10.90	15.47	12.61	8.90	5.09
1.775342466	53.50	8.62	10.90	15.47	12.61	8.90	5.09
1.778082192	53.50	8.61	10.90	15.47	12.61	8.89	5.10
1.780821918	53.50	8.61	10.90	15.47	12.61	8.89	5.10
1.783561644	53.50	8.61	10.99	15.38	12.61	8.94	5.05
1.786301370	53.50	8.61	10.99	15.30	12.69	8.95	5.04
1.789041096	53.50	8.61	10.99	15.30	12.69	8.95	5.04
1.791780822	53.50	8.61	11.01	15.29	12.69	8.98	5.03
1.794520548	53.50	8.43	11.19	15.29	12.69	8.98	5.03
1.797260274	53.90	8.02	11.19	15.29	12.69	8.98	5.05
1.800000000	53.90	8.02	11.20	15.28	12.68	8.98	5.03
1.802739726	53.90	8.02	11.20	15.28	12.68	8.89	5.11
1.805479452	53.90	8.02	11.08	15.41	12.68	8.89	5.11
1.808219178	53.69	8.24	11.08	15.42	12.67	8.90	5.11
1.810958904	53.69	8.24	11.08	15.42	12.67	8.90	5.09
1.813698630	53.69	8.25	11.07	15.35	12.74	8.90	5.09
1.816438356	53.69	8.25	11.07	15.35	12.74	8.90	5.09
1.819178082	53.69	8.25	11.07	15.35	12.74	8.90	5.09
1.821917808	53.69	8.25	11.07	15.35	12.74	8.90	5.09
1.824657534	53.69	8.25	11.23	15.27	12.66	8.89	5.10
1.827397260	53.36	8.58	11.23	15.27	12.66	8.89	5.10
1.830136986	53.36	8.58	11.23	15.27	12.66	8.89	5.10
1.832876712	53.36	8.58	11.23	15.27	12.66	8.89	4.94
1.835616438	53.36	8.49	11.15	15.43	12.66	8.89	4.94
1.838356164	53.36	8.49	11.15	15.43	12.66	8.89	4.94
1.841095890	53.36	8.49	11.15	15.43	12.66	8.89	4.94
1.843835616	53.36	8.38	11.40	15.28	12.66	8.89	4.94
1.846575342	53.35	8.39	11.40	15.22	12.72	8.89	4.94
1.849315068	53.35	8.39	11.25	15.43	12.67	8.89	4.94
1.852054795	53.35	8.39	11.25	15.43	12.67	8.89	4.78
1.854794521	53.38	8.37	11.25	15.43	12.67	8.89	4.78
1.857534247	53.30	8.44	11.18	15.49	12.67	8.89	4.78
1.860273973	53.37	8.38	11.19	15.48	12.67	8.89	4.78
1.863013699	53.37	8.38	11.19	15.48	12.67	8.89	4.78
1.865753425	53.37	8.38	11.19	15.48	12.60	8.96	4.78
1.868493151	53.37	8.38	11.19	15.52	12.57	8.96	4.78
1.871232877	53.37	8.36	11.21	15.52	12.57	8.95	4.79
1.873972603	53.37	8.36	11.21	15.52	12.57	8.95	4.62
1.876712329	53.37	8.36	11.21	15.52	12.57	8.95	4.62
1.879452055	53.37	8.36	11.10	15.59	12.60	8.95	4.62
1.882191781	53.37	8.36	11.10	15.63	12.57	8.95	4.62
1.884931507	53.37	8.36	11.21	15.52	12.57	8.95	4.62
1.887671233	53.37	8.36	11.22	15.51	12.57	8.95	4.62
1.890410959	53.37	8.13	11.45	15.40	12.67	8.95	4.62
1.893150685	53.39	8.10	11.45	15.39	12.68	8.95	4.62
1.895890411	53.39	8.10	11.40	15.36	12.77	8.95	4.46
1.898630137	53.39	8.10	11.35	15.41	12.78	8.93	4.46
1.901369863	53.39	8.09	11.37	15.41	12.78	8.93	4.46
1.904109589	53.53	7.95	11.37	15.49	12.70	8.93	4.46
1.906849315	53.53	7.89	11.46	15.46	12.70	8.93	4.46
1.909589041	53.53	7.89	11.49	15.44	12.70	8.93	4.46
1.912328767	53.53	7.89	11.53	15.39	12.70	8.82	4.58
1.915068493	53.53	7.89	11.53	15.39	12.70	8.90	4.49
1.917808219	53.53	7.89	11.53	15.39	12.70	8.90	4.56
1.920547945	53.63	7.78	11.53	15.39	12.70	8.90	4.30
1.923287671	53.63	7.78	11.53	15.39	12.70	8.92	4.28
1.926027397	53.63	7.77	11.55	15.39	12.70	8.92	4.28
1.928767123	53.63	7.77	11.55	15.53	12.56	8.92	4.28
1.931506849	53.63	7.77	11.47	15.61	12.56	8.92	4.28
1.934246575	53.63	7.77	11.47	15.61	12.56	9.01	4.18
1.936986301	53.63	7.77	11.47	15.58	12.59	9.01	4.12
1.939726027	53.63	7.65	11.61	15.56	12.59	9.01	4.12
1.942465753	53.63	7.65	11.61	15.50	12.65	9.01	4.12
1.945205479	53.63	7.65	11.61	15.60	12.57	9.00	4.12
1.947945205	53.74	7.54	11.61	15.60	12.57	9.00	4.12
1.950684932	53.74	7.52	11.63	15.60	12.57	9.00	4.13
1.953424658	53.74	7.52	11.66	15.57	12.57	9.00	4.13
1.956164384	53.74	7.52	11.66	15.57	12.57	9.00	4.13
1.958904110	53.74	7.52	11.66	15.57	12.57	9.00	4.06
1.961643836	53.74	7.51	11.67	15.53	12.61	9.00	4.06
1.964383562	53.74	7.51	11.67	15.53	12.61	9.02	4.04
1.967123288	53.74	7.51	11.67	15.47	12.67	9.02	4.04
1.969863014	53.74	7.51	11.67	15.47	12.67	8.90	4.17
1.972602740	53.74	7.51	11.67	15.47	12.67	8.90	4.17
1.975342466	53.74	7.51	11.67	15.47	12.39	9.17	4.17
1.978082192	53.84	7.41	11.67	15.47	12.39	9.17	4.17
1.980821918	53.84	7.41	11.67	15.44	12.41	9.17	4.17
1.983561644	53.84	7.41	11.67	15.44	12.41	9.17	4.17
1.986301370	53.84	7.22	11.86	15.38	12.47	8.98	4.36
1.989041096	53.43	7.63	11.89	15.32	12.50	8.98	4.30
1.991780822	53.44	7.63	11.89	15.32	12.48	9.00	4.30
1.994520548	53.44	7.63	11.89	15.32	12.48	9.00	4.30
1.997260274	53.44	7.61	11.91	15.29	12.51	9.00	4.30
2.000000000	53.44	7.61	11.92	15.27	12.51	9.00	4.30
